CIFAR-10 (DP): 
eps = 1.64: (0.008603231540220206, 0.04673083575911031)
eps = 0.73: (0.02435200795141987, 0.10193829295491925)
eps = 0.36: (0.05541504088671069, 0.20115060542332383)}

CIFAR-10 (PAC Poisson):
MI = 1/4
MI = 1/16
MI = 1/64

{0.25: (0.06076973856640593, 0.4269555124353837, 0.601971336237159), 0.0625: (0.05992308808591702, 1.6895364769181167, 2.3947470930175485), 0.015625: (0.060186473929308135, 6.756446734151129, 9.584129682289962)}